
=== speed 8: trim RK4 Jacobian minus expm A (max abs 0.0757), B (max abs 0.172)
    1.0000    0.4000         0    0.0356    0.0025
         0    1.0000         0    0.0011    0.0244
         0         0    0.9998         0         0
         0         0         0    0.4783   -0.0970
         0         0         0    0.0277    0.1879

         0    0.0000         0   -0.0001   -0.0002
         0         0         0    0.0002   -0.0023
         0         0         0         0         0
         0         0         0   -0.0007    0.0255
         0         0         0   -0.0073    0.0757

--- c=0.400 box half-widths |e|<= [1.91 0.179 0.778 1.39 0.758]
A entry half-width (hi-lo)/2:
         0    0.0463    0.0093    0.0073    0.0103
         0         0    0.0009    0.0100    0.0142
         0         0    0.0006    0.0444    0.0710
         0         0    0.0371    0.2571    0.3569
         0         0    0.0285    0.3042    0.3474

A entry half-width relative to |A0|+1e-3:
         0    0.1154    9.3322    0.1987    3.1265
         0         0    0.8562    4.4150    0.6170
         0         0    0.0006   44.3722   70.9501
         0         0   37.0949    0.5372    4.9234
         0         0   28.4516   14.2097    1.3132

B half-width:
    0.0317    0.0024
    0.0361    0.0009
    0.2452    0.0013
    0.8607    0.0355
    1.1924    0.0317

    0.0620         0
    0.0676         0
         0    0.4169
    1.7079         0
    1.8185         0

max |F dA F^-1| entrywise:
         0    0.0061    0.0124    0.1931    0.2309
         0         0    0.0098    0.1936    0.2609
         0         0    0.0010    0.0759    0.0600
         0         0    0.0216    0.5612    0.2639
         0         0    0.0298    0.5586    0.6654

max ||F dA F^-1||_2 over samples: 0.8734 ; sqrt(rho*) 0.9765, sqrt(rho_req) 0.9876
--- c=0.100 box half-widths |e|<= [0.954 0.0897 0.389 0.695 0.379]
A entry half-width (hi-lo)/2:
         0    0.0209    0.0049    0.0045    0.0083
         0         0    0.0006    0.0080    0.0091
         0         0    0.0003    0.0199    0.0300
         0         0    0.0236    0.1768    0.2561
         0         0    0.0138    0.2000    0.1861

A entry half-width relative to |A0|+1e-3:
         0    0.0522    4.8856    0.1235    2.5248
         0         0    0.6451    3.5200    0.3958
         0         0    0.0003   19.8691   29.9717
         0         0   23.5994    0.3695    3.5326
         0         0   13.7501    9.3423    0.7035

B half-width:
    0.0246    0.0011
    0.0282    0.0004
    0.2212    0.0002
    0.5726    0.0145
    0.7392    0.0123

    0.0620         0
    0.0676         0
         0    0.4169
    1.7079         0
    1.8185         0

max |F dA F^-1| entrywise:
         0    0.0026    0.0068    0.1277    0.1091
         0         0    0.0055    0.1401    0.1171
         0         0    0.0003    0.0340    0.0274
         0         0    0.0163    0.4582    0.1918
         0         0    0.0142    0.3982    0.2599

max ||F dA F^-1||_2 over samples: 0.6806 ; sqrt(rho*) 0.9765, sqrt(rho_req) 0.9876
--- c=0.025 box half-widths |e|<= [0.477 0.0448 0.194 0.348 0.189]
A entry half-width (hi-lo)/2:
         0    0.0101    0.0026    0.0024    0.0044
         0         0    0.0004    0.0043    0.0050
         0         0    0.0001    0.0078    0.0115
         0         0    0.0176    0.0847    0.1153
         0         0    0.0067    0.0633    0.0563

A entry half-width relative to |A0|+1e-3:
         0    0.0251    2.5502    0.0647    1.3347
         0         0    0.4132    1.8810    0.2158
         0         0    0.0001    7.8469   11.4658
         0         0   17.6460    0.1769    1.5900
         0         0    6.7082    2.9568    0.2127

B half-width:
    0.0133    0.0006
    0.0156    0.0001
    0.1487    0.0000
    0.2495    0.0057
    0.2579    0.0039

    0.0620         0
    0.0676         0
         0    0.4169
    1.7079         0
    1.8185         0

max |F dA F^-1| entrywise:
         0    0.0012    0.0037    0.0560    0.0507
         0         0    0.0027    0.0541    0.0525
         0         0    0.0001    0.0134    0.0130
         0         0    0.0125    0.1989    0.0744
         0         0    0.0070    0.1137    0.0744

max ||F dA F^-1||_2 over samples: 0.2546 ; sqrt(rho*) 0.9765, sqrt(rho_req) 0.9876

=== speed 15: trim RK4 Jacobian minus expm A (max abs 0.00474), B (max abs 0.0213)
    1.0000    0.7500         0    0.0415    0.0026
         0    1.0000         0    0.0008    0.0331
         0         0    0.9996         0         0
         0         0         0    0.6690   -0.3736
         0         0         0    0.0251    0.4061

         0         0         0   -0.0000   -0.0001
         0         0         0    0.0000   -0.0002
         0         0         0         0         0
         0         0         0   -0.0004    0.0047
         0         0         0   -0.0003    0.0030

--- c=0.400 box half-widths |e|<= [1.93 0.172 0.702 1.16 0.778]
A entry half-width (hi-lo)/2:
         0    0.0428    0.0087    0.0031    0.0054
         0         0    0.0005    0.0052    0.0064
         0         0    0.0006    0.0410    0.0704
         0         0    0.0365    0.1413    0.2478
         0         0    0.0174    0.1759    0.2225

A entry half-width relative to |A0|+1e-3:
         0    0.0569    8.7047    0.0733    1.5448
         0         0    0.4996    2.8639    0.1879
         0         0    0.0006   41.0331   70.3837
         0         0   36.4820    0.2110    0.6699
         0         0   17.3937    6.8310    0.5426

B half-width:
    0.0303    0.0021
    0.0353    0.0007
    0.2475    0.0010
    0.6035    0.0299
    1.1887    0.0287

    0.0678         0
    0.0768         0
         0    0.4168
    1.4608         0
    2.6502         0

max |F dA F^-1| entrywise:
         0    0.0051    0.0087    0.1029    0.1572
         0         0    0.0067    0.1338    0.1982
         0         0    0.0010    0.0683    0.0794
         0         0    0.0221    0.2774    0.2831
         0         0    0.0158    0.3034    0.4348

max ||F dA F^-1||_2 over samples: 0.6734 ; sqrt(rho*) 0.9680, sqrt(rho_req) 0.9876
--- c=0.100 box half-widths |e|<= [0.965 0.0858 0.351 0.581 0.389]
A entry half-width (hi-lo)/2:
         0    0.0193    0.0044    0.0017    0.0031
         0         0    0.0003    0.0029    0.0036
         0         0    0.0002    0.0177    0.0292
         0         0    0.0227    0.0799    0.1366
         0         0    0.0095    0.0892    0.1154

A entry half-width relative to |A0|+1e-3:
         0    0.0257    4.4208    0.0398    0.8987
         0         0    0.2995    1.6358    0.1065
         0         0    0.0002   17.7158   29.1666
         0         0   22.6781    0.1193    0.3692
         0         0    9.5197    3.4641    0.2815

B half-width:
    0.0177    0.0010
    0.0205    0.0002
    0.1921    0.0001
    0.3139    0.0088
    0.6239    0.0091

    0.0678         0
    0.0768         0
         0    0.4168
    1.4608         0
    2.6502         0

max |F dA F^-1| entrywise:
         0    0.0021    0.0047    0.0549    0.0820
         0         0    0.0038    0.0683    0.1052
         0         0    0.0003    0.0293    0.0330
         0         0    0.0138    0.1572    0.1567
         0         0    0.0086    0.1499    0.2256

max ||F dA F^-1||_2 over samples: 0.3622 ; sqrt(rho*) 0.9680, sqrt(rho_req) 0.9876
--- c=0.025 box half-widths |e|<= [0.483 0.0429 0.176 0.29 0.194]
A entry half-width (hi-lo)/2:
         0    0.0092    0.0022    0.0009    0.0016
         0         0    0.0002    0.0015    0.0018
         0         0    0.0001    0.0081    0.0129
         0         0    0.0127    0.0399    0.0670
         0         0    0.0049    0.0424    0.0540

A entry half-width relative to |A0|+1e-3:
         0    0.0123    2.2356    0.0206    0.4599
         0         0    0.1638    0.8385    0.0542
         0         0    0.0001    8.1243   12.8815
         0         0   12.6603    0.0595    0.1812
         0         0    4.9452    1.6464    0.1317

B half-width:
    0.0094    0.0005
    0.0109    0.0001
    0.1156    0.0000
    0.1502    0.0037
    0.3038    0.0038

    0.0678         0
    0.0768         0
         0    0.4168
    1.4608         0
    2.6502         0

max |F dA F^-1| entrywise:
         0    0.0010    0.0024    0.0282    0.0388
         0         0    0.0020    0.0322    0.0504
         0         0    0.0001    0.0135    0.0146
         0         0    0.0077    0.0784    0.0773
         0         0    0.0045    0.0684    0.1054

max ||F dA F^-1||_2 over samples: 0.1733 ; sqrt(rho*) 0.9680, sqrt(rho_req) 0.9876
EXIT 0
